                                                                                                                                                                                                                                                                



                        1                         2                         3                         4                         5                         6                         7
                   E_norm                  Re(freq)                  Im(freq)                         l                       n_g                       n_p                      n_pg
  0.1493706122614760E-005   0.1060919063839684E+004   0.0000000000000000E+000                         0                         0                         8                         8
  0.6203532167520643E-006   0.1179999076537005E+004   0.0000000000000000E+000                         0                         0                         9                         9
  0.2729330857057314E-006   0.1295515479011375E+004   0.0000000000000000E+000                         0                         0                        10                        10
  0.1360784960602345E-006   0.1408776503978030E+004   0.0000000000000000E+000                         0                         0                        11                        11
  0.7932129855988850E-007   0.1521428424341302E+004   0.0000000000000000E+000                         0                         0                        12                        12
  0.4985304512016139E-007   0.1634478031451919E+004   0.0000000000000000E+000                         0                         0                        13                        13
  0.3224901647960461E-007   0.1747749915103359E+004   0.0000000000000000E+000                         0                         0                        14                        14
  0.2209883781165063E-007   0.1859756538253906E+004   0.0000000000000000E+000                         0                         0                        15                        15
  0.1659412247736283E-007   0.1971121104503576E+004   0.0000000000000000E+000                         0                         0                        16                        16
  0.1362533200691301E-007   0.2083249828793866E+004   0.0000000000000000E+000                         0                         0                        17                        17
  0.1169469706909089E-007   0.2196099540880211E+004   0.0000000000000000E+000                         0                         0                        18                        18
  0.1018965985050623E-007   0.2309472324356159E+004   0.0000000000000000E+000                         0                         0                        19                        19
  0.9118937224347062E-008   0.2422928332296231E+004   0.0000000000000000E+000                         0                         0                        20                        20
  0.8427402690029379E-008   0.2536374756685819E+004   0.0000000000000000E+000                         0                         0                        21                        21
  0.8026174827347866E-008   0.2650327821238043E+004   0.0000000000000000E+000                         0                         0                        22                        22
  0.7814392901138853E-008   0.2764643954292167E+004   0.0000000000000000E+000                         0                         0                        23                        23
  0.7686045722788367E-008   0.2879249479221828E+004   0.0000000000000000E+000                         0                         0                        24                        24
  0.7648745290267306E-008   0.2994172480281438E+004   0.0000000000000000E+000                         0                         0                        25                        25
  0.7688580851056333E-008   0.3109136690016776E+004   0.0000000000000000E+000                         0                         0                        26                        26
  0.7798116852424221E-008   0.3224245413160280E+004   0.0000000000000000E+000                         0                         0                        27                        27
  0.8019901638186358E-008   0.3339383381755180E+004   0.0000000000000000E+000                         0                         0                        28                        28
  0.8354716528816412E-008   0.3454380040843318E+004   0.0000000000000000E+000                         0                         0                        29                        29
  0.8879589686831376E-008   0.3569195685924427E+004   0.0000000000000000E+000                         0                         0                        30                        30
  0.9864236844587876E-008   0.3682997898010259E+004   0.0000000000000000E+000                         0                         0                        31                        31
  0.1014578583716531E-005   0.1113738356586538E+004   0.0000000000000000E+000                         1                         0                         7                         8
  0.4237300515035325E-006   0.1231561586910792E+004   0.0000000000000000E+000                         1                         0                         8                         9
  0.1960221319071685E-006   0.1346340985825754E+004   0.0000000000000000E+000                         1                         0                         9                        10
  0.1051639402705158E-006   0.1459005745385391E+004   0.0000000000000000E+000                         1                         0                        10                        11
  0.6364771543116381E-007   0.1572330088288247E+004   0.0000000000000000E+000                         1                         0                        11                        12
  0.4073646325427648E-007   0.1685977419403984E+004   0.0000000000000000E+000                         1                         0                        12                        13
  0.2678127575224280E-007   0.1798912878009238E+004   0.0000000000000000E+000                         1                         0                        13                        14
  0.1904675746053713E-007   0.1910995952258265E+004   0.0000000000000000E+000                         1                         0                        14                        15
  0.1500624345168337E-007   0.2022832741622151E+004   0.0000000000000000E+000                         1                         0                        15                        16
  0.1260042515194806E-007   0.2135616664586799E+004   0.0000000000000000E+000                         1                         0                        16                        17
  0.1091265809893830E-007   0.2249223993563357E+004   0.0000000000000000E+000                         1                         0                        17                        18
  0.9616805275567576E-008   0.2362842088704667E+004   0.0000000000000000E+000                         1                         0                        18                        19
  0.8714209354605650E-008   0.2476609326036711E+004   0.0000000000000000E+000                         1                         0                        19                        20
  0.8195237374199351E-008   0.2590580622539124E+004   0.0000000000000000E+000                         1                         0                        20                        21
  0.7890190232178104E-008   0.2704899750901813E+004   0.0000000000000000E+000                         1                         0                        21                        22
  0.7721345144153067E-008   0.2819710598804287E+004   0.0000000000000000E+000                         1                         0                        22                        23
  0.7649926326051695E-008   0.2934669976838774E+004   0.0000000000000000E+000                         1                         0                        23                        24
  0.7639305156631464E-008   0.3049826322502727E+004   0.0000000000000000E+000                         1                         0                        24                        25
  0.7720490402597315E-008   0.3165125157231304E+004   0.0000000000000000E+000                         1                         0                        25                        26
  0.7883923338191400E-008   0.3280362211990398E+004   0.0000000000000000E+000                         1                         0                        26                        27
  0.8149788849983478E-008   0.3395655201073646E+004   0.0000000000000000E+000                         1                         0                        27                        28
  0.8575698495914840E-008   0.3510748688414110E+004   0.0000000000000000E+000                         1                         0                        28                        29
  0.9254295328470582E-008   0.3625316607168037E+004   0.0000000000000000E+000                         1                         0                        29                        30
  0.1598733911212618E-005   0.1051201894213419E+004   0.0000000000000000E+000                         2                         0                         7                         7
  0.6640378804711666E-006   0.1170678150187003E+004   0.0000000000000000E+000                         2                         0                         8                         8
  0.2890603015929727E-006   0.1286638200006154E+004   0.0000000000000000E+000                         2                         0                         9                         9
  0.1422845227625735E-006   0.1400317703692499E+004   0.0000000000000000E+000                         2                         0                        10                        10
  0.8210202624432876E-007   0.1513109593620923E+004   0.0000000000000000E+000                         2                         0                        11                        11
  0.5129336663911292E-007   0.1626429751490863E+004   0.0000000000000000E+000                         2                         0                        12                        12
  0.3309535976917829E-007   0.1740083157824689E+004   0.0000000000000000E+000                         2                         0                        13                        13
  0.2252500539901136E-007   0.1852465075741621E+004   0.0000000000000000E+000                         2                         0                        14                        14
  0.1678058381665977E-007   0.1964216022377218E+004   0.0000000000000000E+000                         2                         0                        15                        15
  0.1372044865003594E-007   0.2076648587232393E+004   0.0000000000000000E+000                         2                         0                        16                        16
  0.1174694672993264E-007   0.2189821720669252E+004   0.0000000000000000E+000                         2                         0                        17                        17
  0.1022224377171679E-007   0.2303592435574486E+004   0.0000000000000000E+000                         2                         0                        18                        18
  0.9133258084863901E-008   0.2417413040601058E+004   0.0000000000000000E+000                         2                         0                        19                        19
  0.8422435574305442E-008   0.2531225186496119E+004   0.0000000000000000E+000                         2                         0                        20                        20
  0.8013837039854562E-008   0.2645534073267856E+004   0.0000000000000000E+000                         2                         0                        21                        21
  0.7797110502383862E-008   0.2760180568041533E+004   0.0000000000000000E+000                         2                         0                        22                        22
  0.7665670698340211E-008   0.2875131903489250E+004   0.0000000000000000E+000                         2                         0                        23                        23
  0.7628096021353191E-008   0.2990378945327986E+004   0.0000000000000000E+000                         2                         0                        24                        24
  0.7665464593453220E-008   0.3105652911092515E+004   0.0000000000000000E+000                         2                         0                        25                        25
  0.7774166819002321E-008   0.3221067063303711E+004   0.0000000000000000E+000                         2                         0                        26                        26
  0.7994650146955532E-008   0.3336481857190685E+004   0.0000000000000000E+000                         2                         0                        27                        27
  0.8326500215433045E-008   0.3451748550794186E+004   0.0000000000000000E+000                         2                         0                        28                        28
  0.8847925922978062E-008   0.3566821817425685E+004   0.0000000000000000E+000                         2                         0                        29                        29
  0.9817043972244686E-008   0.3680884192706036E+004   0.0000000000000000E+000                         2                         0                        30                        30
  0.1131541440293067E-005   0.1097815071684138E+004   0.0000000000000000E+000                         3                         0                         7                         7
  0.4687280698847477E-006   0.1216903565609366E+004   0.0000000000000000E+000                         3                         0                         8                         8
  0.2130860912351548E-006   0.1332451699664513E+004   0.0000000000000000E+000                         3                         0                         9                         9
  0.1116944749663555E-006   0.1445738954516620E+004   0.0000000000000000E+000                         3                         0                        10                        10
  0.6693812613307745E-007   0.1559424531823109E+004   0.0000000000000000E+000                         3                         0                        11                        11
  0.4262639475138633E-007   0.1673371952036611E+004   0.0000000000000000E+000                         3                         0                        12                        12
  0.2782155565996299E-007   0.1786874207509512E+004   0.0000000000000000E+000                         3                         0                        13                        13
  0.1958690745384487E-007   0.1899391295119268E+004   0.0000000000000000E+000                         3                         0                        14                        14
  0.1525906327256157E-007   0.2011510627269502E+004   0.0000000000000000E+000                         3                         0                        15                        15
  0.1274678114432373E-007   0.2124626911299265E+004   0.0000000000000000E+000                         3                         0                        16                        16
  0.1102103371172004E-007   0.2238546699424582E+004   0.0000000000000000E+000                         3                         0                        17                        17
  0.9680609669765462E-008   0.2352557839795043E+004   0.0000000000000000E+000                         3                         0                        18                        18
  0.8746651537596415E-008   0.2466735700470902E+004   0.0000000000000000E+000                         3                         0                        19                        19
  0.8201350129449877E-008   0.2581043867024269E+004   0.0000000000000000E+000                         3                         0                        20                        20
  0.7879324737029319E-008   0.2695741686455053E+004   0.0000000000000000E+000                         3                         0                        21                        21
  0.7706216767369269E-008   0.2810922484746686E+004   0.0000000000000000E+000                         3                         0                        22                        22
  0.7626692563805327E-008   0.2926242262077156E+004   0.0000000000000000E+000                         3                         0                        23                        23
  0.7611482944516026E-008   0.3041792474904848E+004   0.0000000000000000E+000                         3                         0                        24                        24
  0.7689023237757773E-008   0.3157453526388395E+004   0.0000000000000000E+000                         3                         0                        25                        25
  0.7844430577671972E-008   0.3273064107432280E+004   0.0000000000000000E+000                         3                         0                        26                        26
  0.8105272135570387E-008   0.3388734487957391E+004   0.0000000000000000E+000                         3                         0                        27                        27
  0.8520887266485736E-008   0.3504184583757575E+004   0.0000000000000000E+000                         3                         0                        28                        28
  0.9177976882360455E-008   0.3619148074916794E+004   0.0000000000000000E+000                         3                         0                        29                        29
